Car -1 -1 -10.0 173.802 185.256 401.595 315.902 1.496 1.641 4.095 -4.516 1.716 10.718 1.546 0.981
Car -1 -1 -10.0 0.0 200.232 270.776 375.0 1.469 1.587 3.926 -4.603 1.772 5.996 1.578 0.947
Car -1 -1 -10.0 527.089 173.413 566.992 203.852 1.473 1.627 3.862 -3.207 1.503 36.93 1.593 0.935
Car -1 -1 -10.0 744.456 173.912 893.611 264.425 1.59 1.711 4.841 4.09 1.616 15.151 -1.575 0.89
Car -1 -1 -10.0 727.011 173.016 800.682 229.341 1.503 1.638 4.239 4.415 1.509 21.447 -1.482 0.785
Car -1 -1 -10.0 706.716 170.338 772.135 215.991 1.587 1.709 4.618 4.767 1.5 27.402 -1.558 0.3
Car -1 -1 -10.0 558.251 173.174 585.985 196.299 1.503 1.612 3.788 -2.559 1.526 48.858 1.59 0.243
Car -1 -1 -10.0 545.56 173.635 582.464 200.416 1.518 1.658 4.232 -2.735 1.568 43.204 1.641 0.217
Car -1 -1 -10.0 691.254 170.426 726.904 198.493 1.515 1.696 4.131 5.55 1.384 41.049 -1.511 0.183
Car -1 -1 -10.0 587.216 171.286 609.203 188.466 1.498 1.594 3.894 -1.053 1.362 64.927 1.656 0.136
